// Visible faces for 4x4 cube
// Back
[1, 3, 5],
[3, 5],
[3, 5],
[0, 3, 5],
[1, 5],
[5],
[5],
[0, 5],
[1, 5],
[5],
[5],
[0, 5],
[1, 2, 5],
[2, 5],
[2, 5],
[0, 2, 5],
// Center 1
[1, 3],
[3],
[3],
[0, 3],
[1],
[],
[],
[0],
[1],
[],
[],
[0],
[1, 2],
[2],
[2],
[0, 2],
// Center 2
[1, 3],
[3],
[3],
[0, 3],
[1],
[],
[],
[0],
[1],
[],
[],
[0],
[1, 2],
[2],
[2],
[0, 2],
// Front
[1, 3, 4],
[3, 4],
[3, 4],
[0, 3, 4],
[1, 4],
[4],
[4],
[0, 4],
[1, 4],
[4],
[4],
[0, 4],
[1, 2, 4],
[2, 4],
[2, 4],
[0, 2, 4]
